num: 23
2268: 0.189719 0.402560 0.277120 0.130601
2999: 0.254932 0.679314 0.047812 0.017943
7870: 0.072025 0.154791 0.527660 0.245524
8656: 0.217868 0.291671 0.280750 0.209711
2282: 0.458077 0.147751 0.096132 0.298040
7851: 0.011214 0.267189 0.692532 0.029066
8000: 0.502889 0.114807 0.071056 0.311248
2559: 0.101103 0.506074 0.327413 0.065410
6815: 0.000846 0.129402 0.864105 0.005648
1390: 0.025189 0.439172 0.506583 0.029056
6827: 0.000951 0.434345 0.563471 0.001233
746: 0.044412 0.150993 0.621725 0.182870
6450: 0.231714 0.467944 0.200874 0.099468
7172: 0.108639 0.030629 0.189301 0.671431
6391: 0.211345 0.311822 0.284205 0.192627
1509: 0.000861 0.010747 0.915065 0.073326
9092: 0.121748 0.351359 0.391304 0.135589
1996: 0.004387 0.030180 0.842899 0.122534
7820: 0.000648 0.057044 0.931717 0.010591
7964: 0.581263 0.006422 0.004506 0.407809
8660: 0.066332 0.600674 0.299879 0.033115
2478: 0.151918 0.086849 0.276890 0.484342
3003: 0.117770 0.590427 0.243278 0.048525
num_v: 0
